Roll    Prob    Distribution
----------------------------------------------------------------------
-30     0.0078  
-29     0.0121  
-28     0.0169  
-27     0.0204  
-26     0.0263  
-25     0.0344  
-24     0.0427  
-23     0.0555  
-22     0.0846  
-21     0.0947  
-20     0.119   
-19     0.1552  
-18     0.2027  #
-17     0.2661  #
-16     0.3491  ##
-15     0.4437  ##
-14     0.5546  ###
-13     0.708   ####
-12     0.9064  #####
-11     1.1263  #######
-10     1.4821  #########
-9      1.809   ###########
-8      2.2284  ##############
-7      2.6877  #################
-6      3.2935  ####################
-5      4.0031  #########################
-4      4.9207  ###############################
-3      5.9559  #####################################
-2      6.9113  ###########################################
-1      7.6476  ################################################
0       7.8593  ##################################################
1       7.56    ################################################
2       6.847   ###########################################
3       5.902   #####################################
4       4.9204  ###############################
5       3.9867  #########################
6       3.3348  #####################
7       2.7097  #################
8       2.2077  ##############
9       1.8449  ###########
10      1.4403  #########
11      1.123   #######
12      0.8862  #####
13      0.6873  ####
14      0.5596  ###
15      0.435   ##
16      0.3525  ##
17      0.2579  #
18      0.2017  #
19      0.1543  
20      0.117   
21      0.0969  
22      0.0717  
23      0.0573  
24      0.0424  
25      0.0318  
26      0.0292  
27      0.0182  
28      0.0146  
29      0.013   
30      0.0097  

Mean: -0.0131154
Standard deviation: 6.53539

Delta Skill     Hit with rolled defense     Hit with fixed defense
  -20                   2.10                    0.53
  -19                   2.58                    0.69
  -18                   3.15                    0.89
  -17                   3.84                    1.15
  -16                   4.66                    1.50
  -15                   5.64                    1.93
  -14                   6.80                    2.49
  -13                   8.16                    3.18
  -12                   9.76                    4.07
  -11                   11.62                   5.19
  -10                   13.77                   6.63
   -9                   16.23                   8.48
   -8                   19.01                   10.68
   -7                   22.15                   13.39
   -6                   25.63                   16.73
   -5                   29.47                   20.71
   -4                   33.63                   25.64
   -3                   38.08                   31.54
   -2                   42.75                   38.38
   -1                   47.57                   45.94
    0                   52.43                   53.80
    1                   57.25                   61.45
    2                   61.92                   68.36
    3                   66.37                   74.32
    4                   70.53                   79.24
    5                   74.37                   83.24
    6                   77.85                   86.54
    7                   80.98                   89.22
    8                   83.77                   91.45
    9                   86.23                   93.26
   10                   88.38                   94.74
   11                   90.24                   95.87
   12                   91.84                   96.78
   13                   93.20                   97.48
   14                   94.36                   98.04
   15                   95.34                   98.48
   16                   96.16                   98.83
   17                   96.85                   99.10
   18                   97.42                   99.30
   19                   97.90                   99.45
   20                   98.29                   99.57
