Roll    Prob    Distribution
----------------------------------------------------------------------
-30     0.0089  
-29     0.0072  
-28     0.0177  
-27     0.0237  
-26     0.0336  
-25     0.0464  
-24     0.0581  
-23     0.0574  
-22     0.0747  
-21     0.0825  
-20     0.0901  
-19     0.0817  
-18     0.1826  
-17     0.2612  #
-16     0.3478  #
-15     0.445   ##
-14     0.5187  ##
-13     0.6324  ###
-12     0.7165  ###
-11     0.8184  ####
-10     0.9035  ####
-9      0.7949  ####
-8      1.7127  #########
-7      2.6181  ##############
-6      3.5788  ###################
-5      4.494   ########################
-4      5.3291  #############################
-3      6.2445  ##################################
-2      7.0589  ######################################
-1      8.0696  ############################################
0       9.1502  ##################################################
1       8.1021  ############################################
2       7.1548  #######################################
3       6.2579  ##################################
4       5.3688  #############################
5       4.5137  ########################
6       3.5145  ###################
7       2.6451  ##############
8       1.6905  #########
9       0.8014  ####
10      0.9162  #####
11      0.7934  ####
12      0.7059  ###
13      0.6223  ###
14      0.5461  ##
15      0.4622  ##
16      0.3487  #
17      0.2596  #
18      0.1687  
19      0.0828  
20      0.0986  
21      0.0811  
22      0.0669  
23      0.0648  
24      0.0541  
25      0.0386  
26      0.0339  
27      0.0245  
28      0.021   
29      0.0083  
30      0.0072  

Mean: 0.000755051
Standard deviation: 6.16009

Delta Skill     Hit with rolled defense     Hit with fixed defense
  -20                   1.82                    0.54
  -19                   2.21                    0.62
  -18                   2.70                    0.79
  -17                   3.27                    1.05
  -16                   3.96                    1.40
  -15                   4.76                    1.86
  -14                   5.72                    2.41
  -13                   6.86                    3.03
  -12                   8.22                    3.74
  -11                   9.83                    4.53
  -10                   11.74                   5.45
   -9                   13.99                   6.25
   -8                   16.66                   7.94
   -7                   19.78                   10.58
   -6                   23.37                   14.10
   -5                   27.43                   18.61
   -4                   31.91                   23.98
   -3                   36.76                   30.24
   -2                   41.92                   37.39
   -1                   47.28                   45.50
    0                   52.72                   54.65
    1                   58.08                   62.72
    2                   63.23                   69.77
    3                   68.09                   76.02
    4                   72.57                   81.35
    5                   76.62                   85.84
    6                   80.22                   89.42
    7                   83.34                   92.04
    8                   86.01                   93.75
    9                   88.26                   94.55
   10                   90.17                   95.45
   11                   91.78                   96.27
   12                   93.14                   96.99
   13                   94.27                   97.62
   14                   95.23                   98.14
   15                   96.04                   98.58
   16                   96.73                   98.93
   17                   97.30                   99.19
   18                   97.78                   99.37
   19                   98.18                   99.45
   20                   98.51                   99.54
