Roll    Prob    Distribution
----------------------------------------------------------------------
-30     0.0061  
-29     0.0087  
-28     0.009   
-27     0.0089  
-26     0.0189  
-25     0.0253  
-24     0.0335  
-23     0.0465  
-22     0.0594  
-21     0.0584  
-20     0.0757  
-19     0.0836  
-18     0.0901  
-17     0.1876  #
-16     0.2783  #
-15     0.3528  #
-14     0.4607  ##
-13     0.5255  ##
-12     0.6442  ###
-11     0.726   ###
-10     0.8292  ####
-9      0.9035  ####
-8      1.8008  #########
-7      2.7049  ##############
-6      3.6824  ####################
-5      4.6155  #########################
-4      5.4272  #############################
-3      6.3474  ##################################
-2      7.154   #######################################
-1      8.1684  ############################################
0       9.1502  ##################################################
1       8.1968  ############################################
2       7.2582  #######################################
3       6.3668  ##################################
4       5.4784  #############################
5       4.6066  #########################
6       3.6163  ###################
7       2.7292  ##############
8       1.7965  #########
9       0.9162  #####
10      0.8041  ####
11      0.714   ###
12      0.6334  ###
13      0.5576  ###
14      0.4693  ##
15      0.3635  #
16      0.2689  #
17      0.1789  
18      0.0986  
19      0.0821  
20      0.0675  
21      0.0664  
22      0.055   
23      0.0397  
24      0.0334  
25      0.0295  
26      0.0196  
27      0.0072  
28      0.0081  
29      0.007   
30      0.0061  

Mean: 0 (set to 0, not computed)
Standard deviation: 5.76776