 0    1001 | #####
 1       0 | 
 2       0 | 
 3    2026 | ##########
 4    2009 | ##########
 5    4051 | ####################
 6    3894 | ###################
 7    6010 | ##############################
 8    6148 | ###############################
 9    8049 | ########################################
10    8047 | ########################################
11   10208 | ###################################################
12    8154 | #########################################
13    8169 | #########################################
14    6228 | ###############################
15    6407 | ################################
16    4208 | #####################
17    4329 | ######################
18    2349 | ############
19    2430 | ############
20     354 | ##
21     468 | ##
22     387 | ##
23     506 | ###
24     442 | ##
25     488 | ##
26     429 | ##
27     439 | ##
28     386 | ##
29     385 | ##
30     300 | ##
31     344 | ##
32     241 | #
33     235 | #
34     175 | #
35     174 | #
36      99 | 
37      85 | 
38      48 | 
39      53 | 
40      29 | 
41      34 | 
42      21 | 
43      27 | 
44      18 | 
45      19 | 
46       9 | 
47      17 | 
48      10 | 
49      15 | 
50       8 | 
51       8 | 
52       7 | 
53       2 | 
54       3 | 
55       9 | 
56       1 | 
57       3 | 
58       1 | 
59       1 | 
60       0 | 
61       0 | 
62       1 | 
63       0 | 
64       0 | 
65       1 | 
66       0 | 
67       0 | 
68       1 | 
69       0 | 
70       0 | 
71       0 | 
72       0 | 
73       0 | 
74       0 | 
75       1 | 
76       0 | 
77       0 | 
78       0 | 
79       0 | 
80       0 | 
81       0 | 
82       0 | 
83       0 | 
84       0 | 
85       0 | 
86       0 | 
87       0 | 
88       0 | 
89       0 | 
90       0 | 
91       0 | 
92       0 | 
93       0 | 
94       0 | 
95       0 | 
96       0 | 
97       0 | 
98       0 | 
99       0 | 

Mean: 12.047290