 0    1040 | #####
 1    2049 | ##########
 2    1962 | ##########
 3    4003 | ####################
 4    3954 | ####################
 5    6161 | ###############################
 6    6009 | ##############################
 7    8195 | #########################################
 8    8224 | #########################################
 9   10135 | ###################################################
10    8111 | #########################################
11    8213 | #########################################
12    6264 | ###############################
13    6377 | ################################
14    4439 | ######################
15    4412 | ######################
16    2493 | ############
17    2555 | #############
18     428 | ##
19     512 | ###
20     414 | ##
21     468 | ##
22     394 | ##
23     496 | ##
24     377 | ##
25     401 | ##
26     281 | #
27     328 | ##
28     243 | #
29     248 | #
30     159 | #
31     147 | #
32     101 | #
33      98 | 
34      47 | 
35      45 | 
36      33 | 
37      35 | 
38      19 | 
39      22 | 
40      23 | 
41      19 | 
42      10 | 
43      14 | 
44       5 | 
45       7 | 
46       8 | 
47       2 | 
48       1 | 
49       3 | 

Mean: 9.888840
Standard deviation: 5.3467566
