These are the new TD odds:

(If anyone would like the C++ program that generated them let me know.)

-Dale


Min=-76, Max= 76, Total Rolls= 130000860, Max Die Rolls for 1 TD 10 

TD            Odds          Hits          Delta Odds
 76 =          .0000077      10            .0000077 
 75 =          .0000077      0             0 
 74 =          .0000077      0             0 
 73 =          .0000077      0             0 
 72 =          .0000077      0             0 
 71 =          .0000077      0             0 
 70 =          .0000077      0             0 
 69 =          .0000077      0             0 
 68 =          .0000123      6             .0000046 
 67 =          .0000123      0             0 
 66 =          .0000123      0             0 
 65 =          .0000123      0             0 
 64 =          .0000123      0             0 
 63 =          .0000123      0             0 
 62 =          .0000123      0             0 
 61 =          .0000254      17            .0000131 
 60 =          .0000354      13            .00001 
 59 =          .0000477      16            .0000123 
 58 =          .0000538      8             .0000061 
 57 =          .0000831      38            .0000293 
 56 =          .0001315      63            .0000484 
 55 =          .0001938      81            .0000623 
 54 =          .0002292      46            .0000354 
 53 =          .0002877      76            .0000585 
 52 =          .0003792      119           .0000915 
 51 =          .0004538      97            .0000746 
 50 =          .0005223      89            .0000685 
 49 =          .0005931      92            .0000708 
 48 =          .0008008      270           .0002077 
 47 =          .0010477      321           .0002469 
 46 =          .0013746      425           .0003269 
 45 =          .0018084      564           .0004338 
 44 =          .0023984      767           .00059 
 43 =          .0029746      749           .0005762 
 42 =          .0037238      974           .0007492 
 41 =          .0044954      1003          .0007716 
 40 =          .0054077      1186          .0009123 
 39 =          .0062269      1065          .0008192 
 38 =          .0078738      2141          .0016469 
 37 =          .0104915      3403          .0026177 
 36 =          .0140045      4567          .003513 
 35 =          .0185299      5883          .0045254 
 34 =          .0238614      6931          .0053315 
 33 =          .0301921      8230          .0063307 
 32 =          .0371898      9097          .0069977 
 31 =          .0453843      10653         .0081945 
 30 =          .0542858      11572         .0089015 
 29 =          .062538       10728         .0082522 
 28 =          .0796633      22263         .0171253 
 27 =          .1058539      34048         .0261906 
 26 =          .1413837      46189         .0355298 
 25 =          .1858388      57792         .0444551 
 24 =          .2392646      69454         .0534258 
 23 =          .3020011      81558         .0627365 
 22 =          .3734921      92939         .071491 
 21 =          .4540916      104780        .0805995 
 20 =          .5454372      118750        .0913456 
 19 =          .626312       105138        .0808748 
 18 =          .7983955      223710        .1720835 
 17 =          1.060733      341041        .2623374 
 16 =          1.414067      459337        .3533338 
 15 =          1.858065      577201        .4439979 
 14 =          2.393581      696176        .5355165 
 13 =          3.019788      814074        .6262066 
 12 =          3.736795      932116        .7170074 
 11 =          4.545368      1051152       .808573 
 10 =          5.453948      1181162       .9085803 
 9 =           6.262471      1051086       .8085222 
 8 =           7.978668      2231071       1.716197 
 7 =           10.60447      3413566       2.625802 
 6 =           14.13801      4593635       3.533543 
 5 =           18.58209      5777339       4.444076 
 4 =           23.9358       6959876       5.353716 
 3 =           30.20026      8143841       6.264452 
 2 =           37.37157      9322777       7.171318 
 1 =           45.45127      10503670      8.079693 
 0 =           54.54309      11819451      9.091824 
-1 =           62.62442      10505800      8.081333 
-2 =           69.79584      9322904       7.171413 
-3 =           76.05954      8142861       6.263702 
-4 =           81.41386      6960663       5.354324 
-5 =           85.85886      5778548       4.445 
-6 =           89.39421      4595974       3.535347 
-7 =           92.0202       3413820       2.625992 
-8 =           93.73771      2232768       1.717506 
-9 =           94.54586      1050604       .8081512 
-10 =          95.4556       1182666       .9097366 
-11 =          96.26296      1049585       .8073654 
-12 =          96.98095      933389        .7179871 
-13 =          97.60693      813770        .6259766 
-14 =          98.14253      696296        .5356064 
-15 =          98.5873       578210        .4447708 
-16 =          98.93996      458458        .3526611 
-17 =          99.20281      341711        .2628479 
-18 =          99.37464      223380        .1718292 
-19 =          99.45556      105192        .0809174 
-20 =          99.54612      117735        .0905609 
-21 =          99.62704      105204        .080925 
-22 =          99.69802      92270         .0709763 
-23 =          99.76087      81705         .062851 
-24 =          99.81422      69356         .0533447 
-25 =          99.85844      57491         .0442276 
-26 =          99.89416      46433         .0357132 
-27 =          99.92046      34189         .0262985 
-28 =          99.93759      22276         .0171356 
-29 =          99.94575      10607         .0081558 
-30 =          99.9549       11884         .0091476 
-31 =          99.96281      10295         .0079193 
-32 =          99.96992      9236          .0071106 
-33 =          99.97601      7912          .0060883 
-34 =          99.98119      6741          .0051804 
-35 =          99.98569      5847          .0045013 
-36 =          99.98912      4453          .0034256 
-37 =          99.99185      3555          .0027313 
-38 =          99.99368      2369          .0018234 
-39 =          99.99447      1029          .0007935 
-40 =          99.99533      1122          .0008621 
-41 =          99.99619      1116          .0008545 
-42 =          99.997        1056          .0008163 
-43 =          99.99766      859           .0006561 
-44 =          99.99818      680           .0005264 
-45 =          99.99859      525           .0004044 
-46 =          99.99895      480           .0003662 
-47 =          99.99924      357           .0002823 
-48 =          99.9994       217           .0001602 
-49 =          99.99952      156           .0001221 
-50 =          99.99957      60            .0000534 
-51 =          99.99962      55            .0000458 
-52 =          99.99972      136           .0000992 
-53 =          99.99976      50            .0000381 
-54 =          99.99983      95            .0000763 
-55 =          99.99985      27            .0000153 
-56 =          99.99987      26            .0000229 
-57 =          99.99992      62            .0000458 
-58 =          99.99993      18            .0000153 
-59 =          99.99994      11            .0000076 
-60 =          99.99995      23            .0000153 
-61 =          99.99996      9             .0000076 
-62 =          99.99996      0             0 
-63 =          99.99997      8             .0000076 
-64 =          99.99997      8             0 
-65 =          99.99997      0             0 
-66 =          99.99998      9             .0000076 
-67 =          99.99998      0             0 
-68 =          99.99998      0             0 
-69 =          99.99998      9             .0000076 
-70 =          99.99998      0             0 
-71 =          99.99998      0             0 
-72 =          99.99998      0             0 
-73 =          99.99998      0             0 
-74 =          99.99998      0             0 
-75 =          99.99998      0             0 
-76 =          99.99999      8             .0000076 

I won't totaly trust the odds not between TD +49, -49!!!

TD     Odds
 100 = No way, no how!
  81 = 0.0000001 
  64 = 0.0000123 
  49 = 0.0005931 
  36 = 0.0140045 
  25 = 0.1858388 
  16 = 1.414067 
   9 = 6.262471 
   4 = 23.9358 
   1 = 45.45127 
   0 = 54.54309 
  -1 = 62.62442 
  -4 = 81.41386 
  -9 = 94.54586 
 -16 = 98.93996 
 -25 = 99.85844 
 -36 = 99.98912 
 -49 = 99.99952 
 -64 = 99.99997 
 -81 = 99.99999
-100 = Fur sure fur sure.
